9795
9716
9950
9760
9831
9717
9329
9159
9047
9794
9090
9416
9364
9654
9677
8644
9631
8802
8880
9751
9959
9091
9881
8453
8287
9856
8949
9312
9545
8533
8809
8972
9769
7603
9915
7760
9399
9142
9936
8832
8580
9639
9785
9953
8865
7915
9028
7416
9917
9114
8963
8632
7471
9452
8471
9356
7589
8727
7186
9958
7803
9926
8914
7609
7951
8319
8509
8425
8761
9809
9768
9963
6725
8286
9357
8926
8803
8518
7937
8272
9962
8460
9272
7204
8416
9136
8889
7601
7926
9546
7057
5925
8393
9380
8459
9320
8821
7500
7461
6186
8271
7632
7752
9502
6847
8742
9544
7717
7758
8365
7545
8249
7414
5916
8589
8743
9514
9375
9143
9845
9714
7453
9854
5301
8497
5179
9089
6452
